```
1/1 [==============================] - 0s 419ms/step
Input sequence: [[66 28 28 28 28 61 61 42 42 61 61 28 28 28 28 35 64 46 64 35 46 28 28 28
  28 42 42 64 64 28 28 28 28 43 38 61 61 43 38 40 47 61 61 52 28 28 28 28
  45 38 50 42 40 42 73 76 81 45 38 28 50 28 80 28 28 76 47 71 35 46 52 40
  40 35 46 28 28 28 28 59 59 42 42 59 59 28 28 28 28 38 46 61 61 38 46 61
  61 28 28 64 28 28 64 42 42 28 28 28 28 35 46 35 46 28 28 28 28 42 42 64
  64 28 28 28 28 38 61 61 46 38 46 61 61 28 28 28 28 42 42 71 76 80 28 28
  28 28 81 35 46 73 76 35 46 28 28 28 28 42 59 59 42 59 59 28 28 28 28 38
  61 46 61 38 46 61 61 28 28 64 64 28 28 42 42 28 28 28 28 35 46 35 46 28
  28 28 28 42 42 64 64 28 28 66 66 28 28 43 38 38 43 40 66 66 28 28 28 28
  38 42 42 38 73 81 76 28 28 28 28 35 46 40 76 80 71 35 46 28 28 59 64 28
  28 42 42 59 64 28 61 28 66 28]]
prediction vs output: 38 28
1/1 [==============================] - 1s 680ms/step
Input sequence: [[50 28 28 62 40 40 56 81 42 47 88 83 56 48 62 45 42 80 47 79 43 45 79 77
  77 76 76 43 41 38 46 80 41 40 38 46 40 38 38 80 28 28 32 32 56 62 42 56
  62 42 32 32 35 46 76 35 46 32 32 52 42 52 42 76 32 32 38 74 46 38 46 74
  32 52 32 74 42 52 42 32 32 74 33 33 61 55 74 35 46 55 61 35 46 74 33 33
  55 61 76 42 55 61 42 54 33 33 60 38 46 76 38 54 46 60 33 33 61 55 42 61
  55 42 35 46 35 46 33 33 42 42 33 33 35 35 38 46 38 46 35 35 38 38 52 42
  52 42 38 38 40 40 64 35 46 35 64 46 40 40 28 28 62 59 71 42 42 71 59 62
  38 74 46 38 46 74 28 28 32 32 62 56 76 42 42 56 62 76 32 32 76 35 46 35
  46 52 32 32 42 52 76 42 32 32 38 76 46 38 46 76 32 32 52 76 42 52 42 32
  32 33 57 33 61 35 46 35 76 46 61 57 33 33 32 76 32 74 42 74 76 42 32 32
  33 33 57 61 38 46 57 61 38 46]]
prediction vs output: 57 74
1/1 [==============================] - 0s 296ms/step
Input sequence: [[76 74 50 59 53 57 59 53 57 50 66 62 74 61 73 66 62 50 57 38 74 66 62 59
  35 59 59 35 62 74 38 69 71 61 73 74 62 50 66 62 35 38 59 62 35 49 35 61
  66 49 35 62 54 59 74 62 74 62 66 74 59 35 59 35 74 62 62 74 66 35 62 54
  47 59 62 59 53 54 59 53 59 66 62 74 61 74 62 62 62 35 59 66 66 59 62 59
  59 57 47 74 62 62 74 54 66 35 62 59 38 66 59 53 38 62 59 54 59 53 38 66
  38 47 35 66 59 59 35 66 62 59 54 66 71 57 59 53 66 62 59 53 59 54 62 71
  59 30 73 66 62 59 35 59 59 35 35 54 54 66 59 62 30 73 35 76 59 53 35 59
  53 35 54 66 59 62 54 59 59 66 59 62 62 74 54 35 76 74 59 53 62 59 53 59
  62 59 54 59 69 57 35 59 35 61 59 35 69 57 59 71 62 59 74 54 35 66 35 38
  73 66 59 53 38 62 59 53 38 59 54 59 71 57 69 62 38 62 35 54 59 35 59 59
  35 61 54 59 62 47 35 57 69 57]]
prediction vs output: 71 71
Model prediction: 71
Choose-42-model prediction: 42
Actual note: 71
```
